0B4,8,38,00,7C,27,A4,7B,C7,96
0FF,6,C4,00,FE,A0,00,02,,, 
25B,6,84,94,14,17,57,C0,,, 
497,4,5C,48,05,BC,,,,, 
404,8,2B,62,31,54,02,0C,00,00
47F,8,EF,88,E1,49,E9,75,14,05
48D,3,10,FA,00,,,,, 
0B7,8,60,D7,43,E8,00,00,00,00
0A8,7,CF,30,29,26,A0,7F,FF,
0A7,8,B3,90,00,01,02,05,00,00
0AA,8,22,90,1B,F0,32,38,4E,20
0B6,8,B6,90,00,00,00,13,88,00
0A6,8,A3,03,78,00,33,00,00,10
25E,4,BF,0C,FF,00,,,, 
0AB,8,6E,0B,E6,00,52,51,7C,48
202,8,6C,B4,9C,96,58,07,F4,6B
206,8,FF,FF,00,0B,4D,20,00,00
207,8,4E,20,59,D6,65,FA,4E,20
289,8,51,40,04,CC,04,BD,02,7D
28A,8,04,BD,04,D8,02,7D,43,40
322,8,00,00,00,00,00,00,00,00
323,7,00,00,00,00,00,00,00,
324,7,00,00,00,00,00,00,00,
325,8,00,00,00,00,00,00,00,00
43C,8,80,80,FC,F8,00,00,00,00
538,6,80,04,02,D8,00,08,,, 
41C,8,05,58,03,50,00,30,00,5E
3C7,8,B1,1E,00,00,00,00,00,00
47D,8,39,C1,77,55,60,01,20,C4
418,8,F0,07,00,00,28,C4,E8,2F
46A,6,03,20,44,12,10,00,,, 
46B,8,F9,FC,80,00,01,00,00,00
46C,8,03,12,04,00,66,30,A0,00
3C2,6,F0,3C,00,10,A0,00,,, 
4FC,8,00,00,00,00,00,3C,00,00
502,5,00,00,00,00,20,,,, 
53D,8,00,02,00,00,00,60,00,00
417,8,63,FE,03,01,3F,68,00,01
0A4,5,95,28,11,20,80,,,, 
46E,5,4B,10,58,00,14,,,, 
469,7,00,00,00,40,20,DF,C0,
3BD,8,D0,18,50,04,00,20,00,0C
438,5,01,0F,4E,80,47,,,, 
47C,8,64,9A,40,01,91,00,50,04
53B,6,58,1C,06,AC,10,A1,,, 
523,3,07,CA,FE,,,,, 
5B1,5,00,00,00,55,10,,,, 
526,7,00,00,00,00,00,00,00,
020,8,00,78,1E,FF,FF,FF,FF,00
5F3,3,30,00,04,,,,, 
3F9,2,00,00,,,,, 
5CA,8,00,00,00,00,00,00,00,00
5FB,8,00,00,00,00,00,00,00,00
5C0,8,FC,FE,FC,FC,FC,0C,E0,00
5D3,8,00,00,00,00,00,00,00,00
5EC,8,00,00,00,00,00,00,00,00
5FA,8,00,00,00,00,00,00,00,00
6B8,3,00,00,00,,,,, 
6E2,1,00,,,,,,,
5B8,7,00,00,00,00,00,00,00,
5F9,8,00,00,00,00,00,00,00,00
498,4,00,00,50,00,,,, 
123,4,00,00,00,00,,,, 
